Time     | Pyro1    | Pyro2    | Temp     | Effort   | Gap      | Speed_V  | Speed_V0 | Speed_V1 | LeftCap  | RightCap | Moment   | Power    | GapCap   | SpeedCap | x(deb)   | x1(deb)  | length(deb)
---------------------------------------------------------------------------------------------------------------------------------------------------------------------------------------------------
0        | 28       | 28       | 1200     | 0        | 0        | 0        | 0        | 0        | 0        | 0        | 0        | 0        | 0        | 0        | 0        | 300      | 300     
0.1      | 27.21    | 29.31    | 1199.67  | 0        | 10.0     | 0        | 0        | 0        | 0        | 0        | 0        | 0        | 0        | 0        | 0        | 300      | 300     
0.2      | 27.9     | 28.31    | 1199.33  | 0        | 20.0     | 0        | 0        | 0        | 0        | 0        | 0        | 0        | 0        | 0        | 0        | 300      | 300     
0.3      | 27.86    | 26.75    | 1199.0   | 0        | 30.0     | 0        | 0        | 0        | 0        | 0        | 0        | 0        | 0        | 0        | 0        | 300      | 300     
0.4      | 29.06    | 28.99    | 1198.67  | 0        | 40.0     | 0        | 0        | 0        | 0        | 0        | 0        | 0        | 0        | 0        | 0        | 300      | 300     
0.5      | 29.45    | 29.02    | 1198.33  | 0        | 50.0     | 0        | 0        | 0        | 0        | 0        | 0        | 0        | 0        | 0        | 0        | 300      | 300     
0.6      | 27.12    | 26.8     | 1198.0   | 0        | 60.0     | 0        | 0        | 0        | 0        | 0        | 0        | 0        | 0        | 0        | 0        | 300      | 300     
0.7      | 29.89    | 27.23    | 1197.67  | 0        | 70.0     | 0        | 0        | 0        | 0        | 0        | 0        | 0        | 0        | 0        | 0        | 300      | 300     
0.8      | 29.57    | 26.79    | 1197.33  | 0        | 80.0     | 0        | 0        | 0        | 0        | 0        | 0        | 0        | 0        | 0        | 0        | 300      | 300     
0.9      | 27.2     | 29.96    | 1197.0   | 0        | 90.0     | 0        | 0        | 0        | 0        | 0        | 0        | 0        | 0        | 0        | 0        | 300      | 300     
1.0      | 27.61    | 28.65    | 1196.67  | 0        | 100.0    | 0        | 0        | 0        | 0        | 0        | 0        | 0        | 0        | 0        | 0        | 300      | 300     
1.1      | 29.8     | 29.23    | 1196.33  | 0        | 110.0    | 0        | 0        | 0        | 0        | 0        | 0        | 0        | 0        | 0        | 0        | 300      | 300     
1.2      | 27.17    | 27.96    | 1196.0   | 0        | 120.0    | 0        | 0        | 0        | 0        | 0        | 0        | 0        | 0        | 0        | 0        | 300      | 300     
1.3      | 29.77    | 26.5     | 1195.67  | 0        | 130.0    | 0        | 0        | 0        | 0        | 0        | 0        | 0        | 0        | 0        | 0        | 300      | 300     
1.4      | 28.06    | 29.63    | 1195.33  | 0        | 140.0    | 0        | 0        | 0        | 0        | 0        | 0        | 0        | 0        | 0        | 0        | 300      | 300     
1.5      | 26.54    | 26.39    | 1195.0   | 0        | 150.0    | 0        | 0        | 0        | 0        | 0        | 0        | 0        | 0        | 0        | 0        | 300      | 300     
1.6      | 26.64    | 26.59    | 1194.67  | 0        | 160.0    | 0        | 0        | 0        | 0        | 0        | 0        | 0        | 0        | 0        | 0        | 300      | 300     
1.7      | 28.6     | 29.59    | 1194.33  | 0        | 170.0    | 0        | 0        | 0        | 0        | 0        | 0        | 0        | 0        | 0        | 0        | 300      | 300     
1.8      | 28.89    | 29.53    | 1194.0   | 0        | 180.0    | 0        | 0        | 0        | 0        | 0        | 0        | 0        | 0        | 0        | 0        | 300      | 300     
1.9      | 27.35    | 28.15    | 1193.67  | 0        | 190.0    | 0        | 0        | 0        | 0        | 0        | 0        | 0        | 0        | 0        | 0        | 300      | 300     
2.0      | 27.65    | 28.81    | 1193.33  | 0        | 200.0    | 0        | 0        | 0        | 0        | 0        | 0        | 0        | 0        | 0        | 0        | 300      | 300     
2.1      | 26.65    | 26.33    | 1193.0   | 0        | 210.0    | 0        | 0        | 0        | 0        | 0        | 0        | 0        | 0        | 0        | 0        | 300      | 300     
2.2      | 27.12    | 27.37    | 1192.67  | 0        | 220.0    | 0        | 0        | 0        | 0        | 0        | 0        | 0        | 0        | 0        | 0        | 300      | 300     
2.3      | 29.94    | 27.68    | 1192.33  | 0        | 230.0    | 0        | 0        | 0        | 0        | 0        | 0        | 0        | 0        | 0        | 0        | 300      | 300     
2.4      | 29.77    | 26.81    | 1192.0   | 0        | 240.0    | 0        | 0        | 0        | 0        | 0        | 0        | 0        | 0        | 0        | 0        | 300      | 300     
2.5      | 28.14    | 29.62    | 1191.67  | 0        | 250.0    | 0        | 0        | 0        | 0        | 0        | 0        | 0        | 0        | 0        | 0        | 300      | 300     
2.6      | 26.21    | 27.36    | 1191.33  | 0        | 260.0    | 0        | 0        | 0        | 0        | 0        | 0        | 0        | 0        | 0        | 0        | 300      | 300     
2.7      | 27.77    | 28.05    | 1191.0   | 0        | 270.0    | 0        | 0        | 0        | 0        | 0        | 0        | 0        | 0        | 0        | 0        | 300      | 300     
2.8      | 26.5     | 28.31    | 1190.67  | 0        | 280.0    | 0        | 0        | 0        | 0        | 0        | 0        | 0        | 0        | 0        | 0        | 300      | 300     
2.9      | 26.46    | 26.08    | 1190.33  | 0        | 290.0    | 0        | 0        | 0        | 0        | 0        | 0        | 0        | 0        | 0        | 0        | 300      | 300     
3.0      | 26.78    | 27.2     | 1190.0   | 0        | 300.0    | 0        | 0        | 0        | 0        | 0        | 0        | 0        | 1        | 0        | 0        | 300      | 300     
3.1      | 28.95    | 28.21    | 1185.0   | 0        | 300.0    | 50.0     | 0        | 0        | 0        | 0        | 0        | 0        | 1        | 0        | 0        | 300      | 300     
3.2      | 27.4     | 28.48    | 1180.0   | 0        | 300.0    | 100.0    | 0        | 0        | 0        | 0        | 0        | 0        | 1        | 1        | 0        | 300      | 300     
3.3      | 28.6     | 27.68    | 1179.75  | 0        | 300.0    | 100.0    | 50.0     | 50.0     | 0        | 0        | 0        | 0        | 1        | 1        | 5.0      | 305.0    | 300     
3.4      | 26.51    | 26.46    | 1179.5   | 0        | 300.0    | 100.0    | 100.0    | 100.0    | 0        | 0        | 0        | 0        | 1        | 1        | 15.0     | 315.0    | 300     
3.5      | 29.38    | 27.48    | 1179.25  | 0        | 300.0    | 100.0    | 100      | 150.0    | 0        | 0        | 0        | 0        | 1        | 1        | 25.0     | 325.0    | 300     
3.6      | 27.7     | 28.9     | 1179.01  | 0        | 300.0    | 100.0    | 100      | 200.0    | 0        | 0        | 0        | 0        | 1        | 1        | 35.0     | 335.0    | 300     
3.7      | 28.56    | 28.93    | 1178.76  | 0        | 300.0    | 100.0    | 100      | 200      | 0        | 0        | 0        | 0        | 1        | 1        | 45.0     | 345.0    | 300     
3.8      | 28.77    | 28.26    | 1178.51  | 0        | 300.0    | 100.0    | 100      | 200      | 0        | 0        | 0        | 0        | 1        | 1        | 55.0     | 355.0    | 300     
3.9      | 29.66    | 28.61    | 1178.26  | 0        | 300.0    | 100.0    | 100      | 200      | 0        | 0        | 0        | 0        | 1        | 1        | 65.0     | 365.0    | 300     
4.0      | 27.36    | 29.38    | 1178.01  | 0        | 300.0    | 100.0    | 100      | 200      | 0        | 0        | 0        | 0        | 1        | 1        | 75.0     | 375.0    | 300     
4.1      | 28.53    | 29.3     | 1177.76  | 0        | 300.0    | 100.0    | 100      | 200      | 0        | 0        | 0        | 0        | 1        | 1        | 85.0     | 385.0    | 300     
4.2      | 29.03    | 28.02    | 1177.51  | 0        | 300.0    | 100.0    | 100      | 200      | 0        | 0        | 0        | 0        | 1        | 1        | 95.0     | 395.0    | 300     
4.3      | 29.57    | 27.08    | 1177.27  | 0        | 300.0    | 100.0    | 100      | 200      | 0        | 0        | 0        | 0        | 1        | 1        | 105.0    | 405.0    | 300     
4.4      | 28.72    | 29.22    | 1177.02  | 0        | 300.0    | 100.0    | 100      | 200      | 0        | 0        | 0        | 0        | 1        | 1        | 115.0    | 415.0    | 300     
4.5      | 26.28    | 28.8     | 1176.77  | 0        | 300.0    | 100.0    | 100      | 200      | 0        | 0        | 0        | 0        | 1        | 1        | 125.0    | 425.0    | 300     
4.6      | 29.14    | 29.69    | 1176.52  | 0        | 300.0    | 100.0    | 100      | 200      | 0        | 0        | 0        | 0        | 1        | 1        | 135.0    | 435.0    | 300     
4.7      | 28.81    | 26.13    | 1176.27  | 0        | 300.0    | 100.0    | 100      | 200      | 0        | 0        | 0        | 0        | 1        | 1        | 145.0    | 445.0    | 300     
4.8      | 28.63    | 29.56    | 1176.02  | 0        | 300.0    | 100.0    | 100      | 200      | 0        | 0        | 0        | 0        | 1        | 1        | 155.0    | 455.0    | 300     
4.9      | 28.91    | 28.32    | 1175.77  | 0        | 300.0    | 100.0    | 100      | 200      | 0        | 0        | 0        | 0        | 1        | 1        | 165.0    | 465.0    | 300     
5.0      | 26.67    | 26.8     | 1175.53  | 0        | 300.0    | 100.0    | 100      | 200      | 0        | 0        | 0        | 0        | 1        | 1        | 175.0    | 475.0    | 300     
5.1      | 27.59    | 27.08    | 1175.28  | 0        | 300.0    | 100.0    | 100      | 200      | 0        | 0        | 0        | 0        | 1        | 1        | 185.0    | 485.0    | 300     
5.2      | 28.06    | 27.57    | 1175.03  | 0        | 300.0    | 100.0    | 100      | 200      | 0        | 0        | 0        | 0        | 1        | 1        | 195.0    | 495.0    | 300     
5.3      | 29.31    | 28.88    | 1174.78  | 0        | 300.0    | 100.0    | 100      | 200      | 0        | 0        | 0        | 0        | 1        | 1        | 205.0    | 505.0    | 300     
5.4      | 27.98    | 29.17    | 1174.53  | 0        | 300.0    | 100.0    | 100      | 200      | 0        | 0        | 0        | 0        | 1        | 1        | 215.0    | 515.0    | 300     
5.5      | 27.54    | 26.59    | 1174.28  | 0        | 300.0    | 100.0    | 100      | 200      | 0        | 0        | 0        | 0        | 1        | 1        | 225.0    | 525.0    | 300     
5.6      | 27.39    | 28.26    | 1174.03  | 0        | 300.0    | 100.0    | 100      | 200      | 0        | 0        | 0        | 0        | 1        | 1        | 235.0    | 535.0    | 300     
5.7      | 27.89    | 26.88    | 1173.79  | 0        | 300.0    | 100.0    | 100      | 200      | 0        | 0        | 0        | 0        | 1        | 1        | 245.0    | 545.0    | 300     
5.8      | 27.13    | 27.91    | 1173.54  | 0        | 300.0    | 100.0    | 100      | 200      | 0        | 0        | 0        | 0        | 1        | 1        | 255.0    | 555.0    | 300     
5.9      | 28.27    | 28.04    | 1173.29  | 0        | 300.0    | 100.0    | 100      | 200      | 0        | 0        | 0        | 0        | 1        | 1        | 265.0    | 565.0    | 300     
6.0      | 29.33    | 28.83    | 1173.04  | 0        | 300.0    | 100.0    | 100      | 200      | 0        | 0        | 0        | 0        | 1        | 1        | 275.0    | 575.0    | 300     
6.1      | 28.82    | 29.65    | 1172.79  | 0        | 300.0    | 100.0    | 100      | 200      | 0        | 0        | 0        | 0        | 1        | 1        | 285.0    | 585.0    | 300     
6.2      | 28.43    | 29.54    | 1172.54  | 0        | 300.0    | 100.0    | 100      | 200      | 0        | 0        | 0        | 0        | 1        | 1        | 295.0    | 595.0    | 300     
6.3      | 28.52    | 27.14    | 1172.29  | 0        | 300.0    | 100.0    | 100      | 200      | 0        | 0        | 0        | 0        | 1        | 1        | 305.0    | 605.0    | 300     
6.4      | 28.9     | 28.34    | 1172.05  | 0        | 300.0    | 100.0    | 100      | 200      | 0        | 0        | 0        | 0        | 1        | 1        | 315.0    | 615.0    | 300     
6.5      | 28.14    | 28.52    | 1171.8   | 0        | 300.0    | 100.0    | 100      | 200      | 0        | 0        | 0        | 0        | 1        | 1        | 325.0    | 625.0    | 300     
6.6      | 29.04    | 28.65    | 1171.55  | 0        | 300.0    | 100.0    | 100      | 200      | 0        | 0        | 0        | 0        | 1        | 1        | 335.0    | 635.0    | 300     
6.7      | 28.22    | 28.69    | 1171.3   | 0        | 300.0    | 100.0    | 100      | 200      | 0        | 0        | 0        | 0        | 1        | 1        | 345.0    | 645.0    | 300     
6.8      | 28.39    | 29.5     | 1171.05  | 0        | 300.0    | 100.0    | 100      | 200      | 0        | 0        | 0        | 0        | 1        | 1        | 355.0    | 655.0    | 300     
6.9      | 28.63    | 28.18    | 1170.8   | 0        | 300.0    | 100.0    | 100      | 200      | 0        | 0        | 0        | 0        | 1        | 1        | 365.0    | 665.0    | 300     
7.0      | 28.03    | 27.96    | 1170.55  | 0        | 300.0    | 100.0    | 100      | 200      | 0        | 0        | 0        | 0        | 1        | 1        | 375.0    | 675.0    | 300     
7.1      | 27.72    | 27.54    | 1170.31  | 0        | 300.0    | 100.0    | 100      | 200      | 0        | 0        | 0        | 0        | 1        | 1        | 385.0    | 685.0    | 300     
7.2      | 26.85    | 26.68    | 1170.06  | 0        | 300.0    | 100.0    | 100      | 200      | 0        | 0        | 0        | 0        | 1        | 1        | 395.0    | 695.0    | 300     
7.3      | 26.67    | 29.05    | 1169.81  | 0        | 300.0    | 100.0    | 100      | 200      | 0        | 0        | 0        | 0        | 1        | 1        | 405.0    | 705.0    | 300     
7.4      | 29.72    | 28.18    | 1169.56  | 0        | 300.0    | 100.0    | 100      | 200      | 0        | 0        | 0        | 0        | 1        | 1        | 415.0    | 715.0    | 300     
7.5      | 27.66    | 28.39    | 1169.31  | 0        | 300.0    | 100.0    | 100      | 200      | 0        | 0        | 0        | 0        | 1        | 1        | 425.0    | 725.0    | 300     
7.6      | 29.26    | 29.1     | 1169.06  | 0        | 300.0    | 100.0    | 100      | 200      | 0        | 0        | 0        | 0        | 1        | 1        | 435.0    | 735.0    | 300     
7.7      | 27.88    | 29.44    | 1168.81  | 0        | 300.0    | 100.0    | 100      | 200      | 0        | 0        | 0        | 0        | 1        | 1        | 445.0    | 745.0    | 300     
7.8      | 26.47    | 27.05    | 1168.57  | 0        | 300.0    | 100.0    | 100      | 200      | 0        | 0        | 0        | 0        | 1        | 1        | 455.0    | 755.0    | 300     
7.9      | 28.15    | 27.58    | 1168.32  | 0        | 300.0    | 100.0    | 100      | 200      | 0        | 0        | 0        | 0        | 1        | 1        | 465.0    | 765.0    | 300     
8.0      | 26.04    | 29.87    | 1168.07  | 0        | 300.0    | 100.0    | 100      | 200      | 0        | 0        | 0        | 0        | 1        | 1        | 475.0    | 775.0    | 300     
8.1      | 28.25    | 26.82    | 1167.82  | 0        | 300.0    | 100.0    | 100      | 200      | 0        | 0        | 0        | 0        | 1        | 1        | 485.0    | 785.0    | 300     
8.2      | 28.65    | 27.25    | 1167.57  | 0        | 300.0    | 100.0    | 100      | 200      | 0        | 0        | 0        | 0        | 1        | 1        | 495.0    | 795.0    | 300     
8.3      | 29.22    | 29.22    | 1167.32  | 0        | 300.0    | 100.0    | 100      | 200      | 0        | 0        | 0        | 0        | 1        | 1        | 505.0    | 805.0    | 300     
8.4      | 26.1     | 27.87    | 1167.07  | 0        | 300.0    | 100.0    | 100      | 200      | 0        | 0        | 0        | 0        | 1        | 1        | 515.0    | 815.0    | 300     
8.5      | 29.82    | 26.09    | 1166.83  | 0        | 300.0    | 100.0    | 100      | 200      | 0        | 0        | 0        | 0        | 1        | 1        | 525.0    | 825.0    | 300     
8.6      | 26.33    | 27.16    | 1166.58  | 0        | 300.0    | 100.0    | 100      | 200      | 0        | 0        | 0        | 0        | 1        | 1        | 535.0    | 835.0    | 300     
8.7      | 28.81    | 26.9     | 1166.33  | 0        | 300.0    | 100.0    | 100      | 200      | 0        | 0        | 0        | 0        | 1        | 1        | 545.0    | 845.0    | 300     
8.8      | 26.63    | 29.29    | 1166.08  | 0        | 300.0    | 100.0    | 100      | 200      | 1        | 0        | 0        | 0        | 1        | 1        | 555.0    | 855.0    | 300     
8.9      | 27.15    | 27.93    | 1165.83  | 0        | 300.0    | 100.0    | 100      | 200      | 1        | 0        | 0        | 0        | 1        | 1        | 565.0    | 865.0    | 300     
9.0      | 29.24    | 27.69    | 1165.58  | 0        | 300.0    | 100.0    | 100      | 200      | 1        | 0        | 0        | 0        | 1        | 1        | 575.0    | 875.0    | 300     
9.1      | 26.71    | 28.19    | 1165.34  | 0        | 300.0    | 100.0    | 100      | 200      | 1        | 0        | 0        | 0        | 1        | 1        | 585.0    | 885.0    | 300     
9.2      | 28.9     | 26.21    | 1165.09  | 0        | 300.0    | 100.0    | 100      | 200      | 1        | 0        | 0        | 0        | 1        | 1        | 595.0    | 895.0    | 300     
9.3      | 26.58    | 26.57    | 1164.84  | 0        | 300.0    | 100.0    | 100      | 200      | 1        | 0        | 0        | 0        | 1        | 1        | 605.0    | 905.0    | 300     
9.4      | 28.88    | 26.58    | 1164.59  | 0        | 300.0    | 100.0    | 100      | 200      | 1        | 0        | 0        | 0        | 1        | 1        | 615.0    | 915.0    | 300     
9.5      | 27.97    | 28.31    | 1164.34  | 0        | 300.0    | 100.0    | 100      | 200      | 1        | 0        | 0        | 0        | 1        | 1        | 625.0    | 925.0    | 300     
9.6      | 26.93    | 29.35    | 1164.09  | 0        | 300.0    | 100.0    | 100      | 200      | 1        | 0        | 0        | 0        | 1        | 1        | 635.0    | 935.0    | 300     
9.7      | 28.94    | 27.46    | 1163.84  | 0        | 300.0    | 100.0    | 100      | 200      | 1        | 0        | 0        | 0        | 1        | 1        | 645.0    | 945.0    | 300     
9.8      | 29.48    | 29.16    | 1163.6   | 0        | 300.0    | 100.0    | 100      | 200      | 1        | 0        | 0        | 0        | 1        | 1        | 655.0    | 955.0    | 300     
9.9      | 29.22    | 28.58    | 1163.35  | 0        | 300.0    | 100.0    | 100      | 200      | 1        | 0        | 0        | 0        | 1        | 1        | 665.0    | 965.0    | 300     
10.0     | 26.65    | 29.85    | 1163.1   | 0        | 300.0    | 100.0    | 100      | 200      | 1        | 0        | 0        | 0        | 1        | 1        | 675.0    | 975.0    | 300     
10.1     | 27.04    | 27.63    | 1162.85  | 0        | 300.0    | 100.0    | 100      | 200      | 1        | 0        | 0        | 0        | 1        | 1        | 685.0    | 985.0    | 300     
10.2     | 26.69    | 27.41    | 1162.6   | 0        | 300.0    | 100.0    | 100      | 200      | 1        | 0        | 0        | 0        | 1        | 1        | 695.0    | 995.0    | 300     
10.3     | 28.48    | 28.78    | 1162.35  | 0        | 300.0    | 100.0    | 100      | 200      | 1        | 0        | 0        | 0        | 1        | 1        | 705.0    | 1005.0   | 300     
10.4     | 28.54    | 29.33    | 1162.1   | 0        | 300.0    | 100.0    | 100      | 200      | 1        | 0        | 0        | 0        | 1        | 1        | 715.0    | 1015.0   | 300     
10.5     | 29.78    | 28.46    | 1161.86  | 0        | 300.0    | 100.0    | 100      | 200      | 1        | 0        | 0        | 0        | 1        | 1        | 725.0    | 1025.0   | 300     
10.6     | 27.32    | 27.71    | 1161.61  | 0        | 300.0    | 100.0    | 100      | 200      | 1        | 0        | 0        | 0        | 1        | 1        | 735.0    | 1035.0   | 300     
10.7     | 28.63    | 28.33    | 1161.36  | 0        | 300.0    | 100.0    | 100      | 200      | 1        | 0        | 0        | 0        | 1        | 1        | 745.0    | 1045.0   | 300     
10.8     | 29.15    | 29.77    | 1161.11  | 0        | 300.0    | 100.0    | 100      | 200      | 1        | 0        | 0        | 0        | 1        | 1        | 755.0    | 1055.0   | 300     
10.9     | 26.64    | 26.59    | 1160.86  | 0        | 300.0    | 100.0    | 100      | 200      | 1        | 0        | 0        | 0        | 1        | 1        | 765.0    | 1065.0   | 300     
11.0     | 26.18    | 28.03    | 1160.61  | 0        | 300.0    | 100.0    | 100      | 200      | 1        | 0        | 0        | 0        | 1        | 1        | 775.0    | 1075.0   | 300     
11.1     | 29.94    | 26.82    | 1160.36  | 0        | 300.0    | 100.0    | 100      | 200      | 1        | 0        | 0        | 0        | 1        | 1        | 785.0    | 1085.0   | 300     
11.2     | 28.02    | 29.79    | 1160.12  | 0        | 300.0    | 100.0    | 100      | 200      | 1        | 0        | 0        | 0        | 1        | 1        | 795.0    | 1095.0   | 300     
11.3     | 28.59    | 26.53    | 1159.87  | 0        | 300.0    | 100.0    | 100      | 200      | 1        | 0        | 0        | 0        | 1        | 1        | 805.0    | 1105.0   | 300     
11.4     | 29.04    | 28.53    | 1159.62  | 0        | 300.0    | 100.0    | 100      | 200      | 1        | 0        | 0        | 0        | 1        | 1        | 815.0    | 1115.0   | 300     
11.5     | 29.63    | 27.37    | 1159.37  | 0        | 300.0    | 100.0    | 100      | 200      | 1        | 0        | 0        | 0        | 1        | 1        | 825.0    | 1125.0   | 300     
11.6     | 27.33    | 28.58    | 1159.12  | 0        | 300.0    | 100.0    | 100      | 200      | 1        | 0        | 0        | 0        | 1        | 1        | 835.0    | 1135.0   | 300     
11.7     | 29.72    | 27.32    | 1158.87  | 0        | 300.0    | 100.0    | 100      | 200      | 1        | 0        | 0        | 0        | 1        | 1        | 845.0    | 1145.0   | 300     
11.8     | 28.08    | 29.26    | 1158.62  | 0        | 300.0    | 100.0    | 100      | 200      | 0        | 0        | 0        | 0        | 1        | 1        | 855.0    | 1155.0   | 300     
11.9     | 27.17    | 26.6     | 1158.38  | 0        | 300.0    | 100.0    | 100      | 200      | 0        | 0        | 0        | 0        | 1        | 1        | 865.0    | 1165.0   | 300     
12.0     | 28.86    | 29.93    | 1158.13  | 0        | 300.0    | 100.0    | 100      | 200      | 0        | 0        | 0        | 0        | 1        | 1        | 875.0    | 1175.0   | 300     
12.1     | 29.45    | 26.38    | 1157.88  | 0        | 300.0    | 100.0    | 100      | 200      | 0        | 0        | 0        | 0        | 1        | 1        | 885.0    | 1185.0   | 300     
12.2     | 28.29    | 27.92    | 1157.63  | 0        | 300.0    | 100.0    | 100      | 200      | 0        | 0        | 0        | 0        | 1        | 1        | 895.0    | 1195.0   | 300     
12.3     | 27.81    | 29.67    | 1157.38  | 0        | 300.0    | 100.0    | 100      | 200      | 0        | 0        | 0        | 0        | 1        | 1        | 905.0    | 1205.0   | 300     
12.4     | 27.72    | 28.82    | 1157.13  | 0        | 300.0    | 100.0    | 100      | 200      | 0        | 0        | 0        | 0        | 1        | 1        | 915.0    | 1215.0   | 300     
12.5     | 28.78    | 29.45    | 1156.88  | 0        | 300.0    | 100.0    | 100      | 200      | 0        | 0        | 0        | 0        | 1        | 1        | 925.0    | 1225.0   | 300     
12.6     | 28.19    | 29.67    | 1156.64  | 0        | 300.0    | 100.0    | 100      | 200      | 0        | 0        | 0        | 0        | 1        | 1        | 935.0    | 1235.0   | 300     
12.7     | 29.47    | 26.3     | 1156.39  | 0        | 300.0    | 100.0    | 100      | 200      | 0        | 0        | 0        | 0        | 1        | 1        | 945.0    | 1245.0   | 300     
12.8     | 27.03    | 27.49    | 1156.14  | 0        | 300.0    | 100.0    | 100      | 200      | 0        | 0        | 0        | 0        | 1        | 1        | 955.0    | 1255.0   | 300     
12.9     | 27.7     | 29.36    | 1155.89  | 0        | 300.0    | 100.0    | 100      | 200      | 0        | 0        | 0        | 0        | 1        | 1        | 965.0    | 1265.0   | 300     
13.0     | 28.79    | 26.28    | 1155.64  | 0        | 300.0    | 100.0    | 100      | 200      | 0        | 0        | 0        | 0        | 1        | 1        | 975.0    | 1275.0   | 300     
13.1     | 27.77    | 29.04    | 1155.39  | 0        | 300.0    | 100.0    | 100      | 200      | 0        | 0        | 0        | 0        | 1        | 1        | 985.0    | 1285.0   | 300     
13.2     | 29.88    | 26.35    | 1155.14  | 0        | 300.0    | 100.0    | 100      | 200      | 0        | 0        | 0        | 0        | 1        | 1        | 995.0    | 1295.0   | 300     
13.3     | 27.7     | 26.22    | 1154.9   | 0        | 300.0    | 100.0    | 100      | 200      | 0        | 0        | 0        | 0        | 1        | 1        | 1005.0   | 1305.0   | 300     
13.4     | 29.63    | 27.33    | 1154.65  | 0        | 300.0    | 100.0    | 100      | 200      | 0        | 0        | 0        | 0        | 1        | 1        | 1015.0   | 1315.0   | 300     
13.5     | 26.95    | 28.49    | 1154.4   | 0        | 300.0    | 100.0    | 100      | 200      | 0        | 0        | 0        | 0        | 1        | 1        | 1025.0   | 1325.0   | 300     
13.6     | 27.73    | 29.38    | 1154.15  | 0        | 300.0    | 100.0    | 100      | 200      | 0        | 0        | 0        | 0        | 1        | 1        | 1035.0   | 1335.0   | 300     
13.7     | 27.31    | 27.49    | 1153.9   | 0        | 300.0    | 100.0    | 100      | 200      | 0        | 0        | 0        | 0        | 1        | 1        | 1045.0   | 1345.0   | 300     
13.8     | 26.69    | 28.01    | 1153.65  | 0        | 300.0    | 100.0    | 100      | 200      | 0        | 0        | 0        | 0        | 1        | 1        | 1055.0   | 1355.0   | 300     
13.9     | 27.08    | 28.91    | 1153.4   | 0        | 300.0    | 100.0    | 100      | 200      | 0        | 0        | 0        | 0        | 1        | 1        | 1065.0   | 1365.0   | 300     
14.0     | 26.25    | 29.23    | 1153.16  | 0        | 300.0    | 100.0    | 100      | 200      | 0        | 0        | 0        | 0        | 1        | 1        | 1075.0   | 1375.0   | 300     
14.1     | 28.29    | 28.35    | 1152.91  | 0        | 300.0    | 100.0    | 100      | 200      | 0        | 0        | 0        | 0        | 1        | 1        | 1085.0   | 1385.0   | 300     
14.2     | 27.04    | 27.81    | 1152.66  | 0        | 300.0    | 100.0    | 100      | 200      | 0        | 0        | 0        | 0        | 1        | 1        | 1095.0   | 1395.0   | 300     
14.3     | 27.04    | 28.84    | 1152.41  | 0        | 300.0    | 100.0    | 100      | 200      | 0        | 0        | 0        | 0        | 1        | 1        | 1105.0   | 1405.0   | 300     
14.4     | 26.77    | 27.66    | 1152.16  | 0        | 300.0    | 100.0    | 100      | 200      | 0        | 0        | 0        | 0        | 1        | 1        | 1115.0   | 1415.0   | 300     
14.5     | 29.49    | 29.19    | 1151.91  | 0        | 300.0    | 100.0    | 100      | 200      | 0        | 0        | 0        | 0        | 1        | 1        | 1125.0   | 1425.0   | 300     
14.6     | 28.07    | 26.22    | 1151.66  | 0        | 300.0    | 100.0    | 100      | 200      | 0        | 0        | 0        | 0        | 1        | 1        | 1135.0   | 1435.0   | 300     
14.7     | 29.94    | 29.42    | 1151.42  | 0        | 300.0    | 100.0    | 100      | 200      | 0        | 0        | 0        | 0        | 1        | 1        | 1145.0   | 1445.0   | 300     
14.8     | 28.45    | 26.93    | 1151.17  | 0        | 300.0    | 100.0    | 100      | 200      | 0        | 0        | 0        | 0        | 1        | 1        | 1155.0   | 1455.0   | 300     
14.9     | 29.07    | 26.85    | 1150.92  | 0        | 300.0    | 100.0    | 100      | 200      | 0        | 0        | 0        | 0        | 1        | 1        | 1165.0   | 1465.0   | 300     
15.0     | 27.98    | 27.1     | 1150.67  | 0        | 300.0    | 100.0    | 100      | 200      | 0        | 0        | 0        | 0        | 1        | 1        | 1175.0   | 1475.0   | 300     
15.1     | 26.86    | 27.73    | 1150.42  | 0        | 300.0    | 100.0    | 100      | 200      | 0        | 0        | 0        | 0        | 1        | 1        | 1185.0   | 1485.0   | 300     
15.2     | 27.11    | 28.04    | 1150.17  | 0        | 300.0    | 100.0    | 100      | 200      | 0        | 0        | 0        | 0        | 1        | 1        | 1195.0   | 1495.0   | 300     
15.3     | 27.36    | 26.46    | 1149.92  | 0        | 300.0    | 100.0    | 100      | 200      | 0        | 0        | 0        | 0        | 1        | 1        | 1205.0   | 1505.0   | 300     
15.4     | 27.03    | 26.8     | 1149.68  | 0        | 300.0    | 100.0    | 100      | 200      | 0        | 0        | 0        | 0        | 1        | 1        | 1215.0   | 1515.0   | 300     
15.5     | 28.55    | 27.44    | 1149.43  | 0        | 300.0    | 100.0    | 100      | 200      | 0        | 0        | 0        | 0        | 1        | 1        | 1225.0   | 1525.0   | 300     
15.6     | 26.28    | 29.71    | 1149.18  | 0        | 300.0    | 100.0    | 100      | 200      | 0        | 0        | 0        | 0        | 1        | 1        | 1235.0   | 1535.0   | 300     
15.7     | 26.8     | 27.83    | 1148.93  | 0        | 300.0    | 100.0    | 100      | 200      | 0        | 0        | 0        | 0        | 1        | 1        | 1245.0   | 1545.0   | 300     
15.8     | 27.17    | 29.0     | 1148.68  | 0        | 300.0    | 100.0    | 100      | 200      | 0        | 0        | 0        | 0        | 1        | 1        | 1255.0   | 1555.0   | 300     
15.9     | 29.77    | 28.7     | 1148.43  | 0        | 300.0    | 100.0    | 100      | 200      | 0        | 0        | 0        | 0        | 1        | 1        | 1265.0   | 1565.0   | 300     
16.0     | 29.57    | 28.28    | 1148.18  | 0        | 300.0    | 100.0    | 100      | 200      | 0        | 0        | 0        | 0        | 1        | 1        | 1275.0   | 1575.0   | 300     
16.1     | 29.42    | 27.78    | 1147.94  | 0        | 300.0    | 100.0    | 100      | 200      | 0        | 0        | 0        | 0        | 1        | 1        | 1285.0   | 1585.0   | 300     
16.2     | 26.74    | 29.06    | 1147.69  | 0        | 300.0    | 100.0    | 100      | 200      | 0        | 0        | 0        | 0        | 1        | 1        | 1295.0   | 1595.0   | 300     
16.3     | 29.27    | 27.73    | 1147.44  | 0        | 300.0    | 100.0    | 100      | 200      | 0        | 0        | 0        | 0        | 1        | 1        | 1305.0   | 1605.0   | 300     
16.4     | 29.61    | 29.32    | 1147.19  | 0        | 300.0    | 100.0    | 100      | 200      | 0        | 0        | 0        | 0        | 1        | 1        | 1315.0   | 1615.0   | 300     
16.5     | 26.54    | 26.25    | 1146.94  | 0        | 300.0    | 100.0    | 100      | 200      | 0        | 0        | 0        | 0        | 1        | 1        | 1325.0   | 1625.0   | 300     
16.6     | 27.88    | 27.54    | 1146.69  | 0        | 300.0    | 100.0    | 100      | 200      | 0        | 0        | 0        | 0        | 1        | 1        | 1335.0   | 1635.0   | 300     
16.7     | 26.41    | 29.81    | 1146.44  | 0        | 300.0    | 100.0    | 100      | 200      | 0        | 0        | 0        | 0        | 1        | 1        | 1345.0   | 1645.0   | 300     
16.8     | 29.75    | 28.3     | 1146.2   | 0        | 300.0    | 100.0    | 100      | 200      | 0        | 0        | 0        | 0        | 1        | 1        | 1355.0   | 1655.0   | 300     
16.9     | 28.28    | 29.5     | 1145.95  | 0        | 300.0    | 100.0    | 100      | 200      | 0        | 0        | 0        | 0        | 1        | 1        | 1365.0   | 1665.0   | 300     
17.0     | 28.22    | 28.4     | 1145.7   | 0        | 300.0    | 100.0    | 100      | 200      | 0        | 0        | 0        | 0        | 1        | 1        | 1375.0   | 1675.0   | 300     
17.1     | 26.68    | 28.88    | 1145.45  | 0        | 300.0    | 100.0    | 100      | 200      | 0        | 0        | 0        | 0        | 1        | 1        | 1385.0   | 1685.0   | 300     
17.2     | 27.57    | 27.97    | 1145.2   | 0        | 300.0    | 100.0    | 100      | 200      | 0        | 0        | 0        | 0        | 1        | 1        | 1395.0   | 1695.0   | 300     
17.3     | 28.65    | 26.25    | 1144.95  | 0        | 300.0    | 100.0    | 100      | 200      | 0        | 0        | 0        | 0        | 1        | 1        | 1405.0   | 1705.0   | 300     
17.4     | 27.22    | 27.0     | 1144.7   | 0        | 300.0    | 100.0    | 100      | 200      | 0        | 0        | 0        | 0        | 1        | 1        | 1415.0   | 1715.0   | 300     
17.5     | 28.66    | 27.41    | 1144.46  | 0        | 300.0    | 100.0    | 100      | 200      | 0        | 0        | 0        | 0        | 1        | 1        | 1425.0   | 1725.0   | 300     
17.6     | 27.73    | 29.01    | 1144.21  | 0        | 300.0    | 100.0    | 100      | 200      | 0        | 0        | 0        | 0        | 1        | 1        | 1435.0   | 1735.0   | 300     
17.7     | 29.71    | 27.36    | 1143.96  | 0        | 300.0    | 100.0    | 100      | 200      | 0        | 0        | 0        | 0        | 1        | 1        | 1445.0   | 1745.0   | 300     
17.8     | 29.52    | 28.8     | 1143.71  | 0        | 300.0    | 100.0    | 100      | 200      | 0        | 0        | 0        | 0        | 1        | 1        | 1455.0   | 1755.0   | 300     
17.9     | 28.16    | 29.43    | 1143.46  | 0        | 300.0    | 100.0    | 100      | 200      | 0        | 0        | 0        | 0        | 1        | 1        | 1465.0   | 1765.0   | 300     
18.0     | 28.91    | 27.31    | 1143.21  | 0        | 300.0    | 100.0    | 100      | 200      | 0        | 0        | 0        | 0        | 1        | 1        | 1475.0   | 1775.0   | 300     
18.1     | 28.97    | 26.57    | 1142.96  | 0        | 300.0    | 100.0    | 100      | 200      | 0        | 0        | 0        | 0        | 1        | 1        | 1485.0   | 1785.0   | 300     
18.2     | 29.62    | 28.5     | 1142.72  | 0        | 300.0    | 100.0    | 100      | 200      | 0        | 0        | 0        | 0        | 1        | 1        | 1495.0   | 1795.0   | 300     
18.3     | 29.64    | 27.58    | 1142.47  | 0        | 300.0    | 100.0    | 100      | 200      | 0        | 0        | 0        | 0        | 1        | 1        | 1505.0   | 1805.0   | 300     
18.4     | 26.79    | 26.13    | 1142.22  | 0        | 300.0    | 100.0    | 100      | 200      | 0        | 0        | 0        | 0        | 1        | 1        | 1515.0   | 1815.0   | 300     
18.5     | 28.74    | 28.61    | 1141.97  | 0        | 300.0    | 100.0    | 100      | 200      | 0        | 0        | 0        | 0        | 1        | 1        | 1525.0   | 1825.0   | 300     
18.6     | 28.1     | 26.31    | 1141.72  | 0        | 300.0    | 100.0    | 100      | 200      | 0        | 0        | 0        | 0        | 1        | 1        | 1535.0   | 1835.0   | 300     
18.7     | 29.9     | 29.86    | 1141.47  | 0        | 300.0    | 100.0    | 100      | 200      | 0        | 0        | 0        | 0        | 1        | 1        | 1545.0   | 1845.0   | 300     
18.8     | 27.48    | 27.26    | 1141.22  | 0        | 300.0    | 100.0    | 100      | 200      | 0        | 0        | 0        | 0        | 1        | 1        | 1555.0   | 1855.0   | 300     
18.9     | 27.62    | 29.25    | 1140.98  | 0        | 300.0    | 100.0    | 100      | 200      | 0        | 0        | 0        | 0        | 1        | 1        | 1565.0   | 1865.0   | 300     
19.0     | 29.68    | 28.04    | 1140.73  | 0        | 300.0    | 100.0    | 100      | 200      | 0        | 0        | 0        | 0        | 1        | 1        | 1575.0   | 1875.0   | 300     
19.1     | 29.49    | 29.26    | 1140.48  | 0        | 300.0    | 100.0    | 100      | 200      | 0        | 0        | 0        | 0        | 1        | 1        | 1585.0   | 1885.0   | 300     
19.2     | 28.32    | 29.46    | 1140.23  | 0        | 300.0    | 100.0    | 100      | 200      | 0        | 0        | 0        | 0        | 1        | 1        | 1595.0   | 1895.0   | 300     
19.3     | 26.81    | 28.17    | 1139.98  | 0        | 300.0    | 100.0    | 100      | 200      | 0        | 0        | 0        | 0        | 1        | 1        | 1605.0   | 1905.0   | 300     
19.4     | 29.25    | 29.71    | 1139.73  | 0        | 300.0    | 100.0    | 100      | 200      | 0        | 0        | 0        | 0        | 1        | 1        | 1615.0   | 1915.0   | 300     
19.5     | 26.6     | 27.71    | 1139.48  | 0        | 300.0    | 100.0    | 100      | 200      | 0        | 0        | 0        | 0        | 1        | 1        | 1625.0   | 1925.0   | 300     
19.6     | 28.92    | 26.64    | 1139.24  | 0        | 300.0    | 100.0    | 100      | 200      | 0        | 0        | 0        | 0        | 1        | 1        | 1635.0   | 1935.0   | 300     
19.7     | 27.61    | 29.28    | 1138.99  | 0        | 300.0    | 100.0    | 100      | 200      | 0        | 0        | 0        | 0        | 1        | 1        | 1645.0   | 1945.0   | 300     
19.8     | 29.24    | 26.75    | 1138.74  | 0        | 300.0    | 100.0    | 100      | 200      | 0        | 0        | 0        | 0        | 1        | 1        | 1655.0   | 1955.0   | 300     
19.9     | 27.63    | 29.3     | 1138.49  | 0        | 300.0    | 100.0    | 100      | 200      | 0        | 0        | 0        | 0        | 1        | 1        | 1665.0   | 1965.0   | 300     
20.0     | 27.24    | 29.54    | 1138.24  | 0        | 300.0    | 100.0    | 100      | 200      | 0        | 0        | 0        | 0        | 1        | 1        | 1675.0   | 1975.0   | 300     
20.1     | 27.53    | 28.7     | 1137.99  | 0        | 300.0    | 100.0    | 100      | 200      | 0        | 0        | 0        | 0        | 1        | 1        | 1685.0   | 1985.0   | 300     
20.2     | 28.5     | 27.59    | 1137.74  | 0        | 300.0    | 100.0    | 100      | 200      | 0        | 0        | 0        | 0        | 1        | 1        | 1695.0   | 1995.0   | 300     
20.3     | 1137.5   | 26.66    | 1137.5   | 0        | 300.0    | 100.0    | 100      | 200      | 0        | 0        | 0        | 0        | 1        | 1        | 1705.0   | 2005.0   | 300     
20.4     | 1137.25  | 27.53    | 1137.25  | 0        | 300.0    | 100.0    | 100      | 200      | 0        | 0        | 0        | 0        | 1        | 1        | 1715.0   | 2015.0   | 300     
20.5     | 1137.0   | 27.08    | 1137.0   | 0        | 300.0    | 100.0    | 100      | 200      | 0        | 0        | 0        | 0        | 1        | 1        | 1725.0   | 2025.0   | 300     
20.6     | 1136.75  | 27.34    | 1136.75  | 0        | 300.0    | 100.0    | 100      | 200      | 0        | 0        | 0        | 0        | 1        | 1        | 1735.0   | 2035.0   | 300     
20.7     | 1136.5   | 29.19    | 1136.5   | 0        | 300.0    | 100.0    | 100      | 200      | 0        | 0        | 0        | 0        | 1        | 1        | 1745.0   | 2045.0   | 300     
20.8     | 1136.25  | 27.68    | 1136.25  | 0        | 300.0    | 100.0    | 100      | 200      | 0        | 0        | 0        | 0        | 1        | 1        | 1755.0   | 2055.0   | 300     
20.9     | 1136.01  | 28.96    | 1136.01  | 0        | 300.0    | 100.0    | 100      | 200      | 0        | 0        | 0        | 0        | 1        | 1        | 1765.0   | 2065.0   | 300     
21.0     | 1135.76  | 28.0     | 1135.76  | 0        | 300.0    | 100.0    | 100      | 200      | 0        | 0        | 0        | 0        | 1        | 1        | 1775.0   | 2075.0   | 300     
21.1     | 1135.51  | 28.92    | 1135.51  | 0        | 300.0    | 100.0    | 100      | 200      | 0        | 0        | 0        | 0        | 1        | 1        | 1785.0   | 2085.0   | 300     
21.2     | 1135.26  | 29.15    | 1135.26  | 0        | 300.0    | 100.0    | 100      | 200      | 0        | 0        | 0        | 0        | 1        | 1        | 1795.0   | 2095.0   | 300     
21.3     | 1135.01  | 28.86    | 1135.01  | 0        | 300.0    | 100.0    | 100      | 200      | 0        | 0        | 0        | 0        | 1        | 1        | 1805.0   | 2105.0   | 300     
21.4     | 1134.76  | 26.53    | 1134.76  | 0        | 300.0    | 100.0    | 100      | 200      | 0        | 0        | 0        | 0        | 1        | 1        | 1815.0   | 2115.0   | 300     
21.5     | 1134.51  | 29.34    | 1134.51  | 0        | 300.0    | 100.0    | 100      | 200      | 0        | 0        | 0        | 0        | 1        | 1        | 1825.0   | 2125.0   | 300     
21.6     | 1134.27  | 29.71    | 1134.27  | 0        | 300.0    | 100.0    | 100      | 200      | 0        | 0        | 0        | 0        | 1        | 1        | 1835.0   | 2135.0   | 300     
21.7     | 1134.02  | 29.29    | 1134.02  | 0        | 300.0    | 100.0    | 100      | 200      | 0        | 0        | 0        | 0        | 1        | 1        | 1845.0   | 2145.0   | 300     
21.8     | 1133.77  | 29.8     | 1133.77  | 0        | 300.0    | 100.0    | 100      | 200      | 0        | 0        | 0        | 0        | 1        | 1        | 1855.0   | 2155.0   | 300     
21.9     | 1133.52  | 26.22    | 1133.52  | 0        | 300.0    | 100.0    | 100      | 200      | 0        | 0        | 0        | 0        | 1        | 1        | 1865.0   | 2165.0   | 300     
22.0     | 1133.27  | 29.6     | 1133.27  | 0        | 300.0    | 100.0    | 100      | 200      | 0        | 0        | 0        | 0        | 1        | 1        | 1875.0   | 2175.0   | 300     
22.1     | 1133.02  | 26.41    | 1133.02  | 0        | 300.0    | 100.0    | 100      | 200      | 0        | 0        | 0        | 0        | 1        | 1        | 1885.0   | 2185.0   | 300     
22.2     | 1132.77  | 28.25    | 1132.77  | 0        | 300.0    | 100.0    | 100      | 200      | 0        | 0        | 0        | 0        | 1        | 1        | 1895.0   | 2195.0   | 300     
22.3     | 1132.53  | 29.02    | 1132.53  | 0        | 300.0    | 100.0    | 100      | 200      | 0        | 0        | 0        | 0        | 1        | 1        | 1905.0   | 2205.0   | 300     
22.4     | 1132.28  | 27.43    | 1132.28  | 0        | 300.0    | 100.0    | 100      | 200      | 0        | 0        | 0        | 0        | 1        | 1        | 1915.0   | 2215.0   | 300     
22.5     | 1132.03  | 26.8     | 1132.03  | 0        | 300.0    | 100.0    | 100      | 200      | 0        | 0        | 0        | 0        | 1        | 1        | 1925.0   | 2225.0   | 300     
22.6     | 1131.78  | 28.44    | 1131.78  | 0        | 300.0    | 100.0    | 100      | 200      | 0        | 0        | 0        | 0        | 1        | 1        | 1935.0   | 2235.0   | 300     
22.7     | 1131.53  | 28.74    | 1131.53  | 0        | 300.0    | 100.0    | 100      | 200      | 0        | 0        | 0        | 0        | 1        | 1        | 1945.0   | 2245.0   | 300     
22.8     | 1131.28  | 28.94    | 1131.28  | 0        | 300.0    | 100.0    | 100      | 200      | 0        | 0        | 0        | 0        | 1        | 1        | 1955.0   | 2255.0   | 300     
22.9     | 1131.03  | 28.46    | 1131.03  | 0        | 300.0    | 100.0    | 100      | 200      | 0        | 0        | 0        | 0        | 1        | 1        | 1965.0   | 2265.0   | 300     
23.0     | 1130.79  | 26.93    | 1130.79  | 0        | 300.0    | 100.0    | 100      | 200      | 0        | 0        | 0        | 0        | 1        | 1        | 1975.0   | 2275.0   | 300     
23.1     | 1130.54  | 29.79    | 1130.54  | 0        | 300.0    | 100.0    | 100      | 200      | 0        | 0        | 0        | 0        | 1        | 1        | 1985.0   | 2285.0   | 300     
23.2     | 1130.29  | 26.53    | 1130.29  | 0        | 300.0    | 100.0    | 100      | 200      | 0        | 0        | 0        | 0        | 1        | 1        | 1995.0   | 2295.0   | 300     
23.3     | 27.5     | 26.67    | 1130.04  | 0        | 300.0    | 100.0    | 100      | 200      | 0        | 0        | 0        | 0        | 1        | 1        | 2005.0   | 2305.0   | 300     
23.4     | 26.69    | 27.33    | 1130.0   | 0        | 300.0    | 100.0    | 100      | 200      | 0        | 0        | 0        | 0        | 1        | 1        | 2011.59  | 2311.59  | 300     
23.5     | 27.55    | 28.32    | 1124.39  | 1983.74  | 300.0    | 100.0    | 100      | 200      | 0        | 0        | 68.17    | 45.07    | 1        | 1        | 2021.59  | 2321.92  | 300.33  
23.6     | 26.98    | 28.34    | 1124.39  | 1956.45  | 300.0    | 100.0    | 100      | 200      | 0        | 0        | 67.04    | 45.04    | 1        | 1        | 2031.59  | 2332.26  | 300.67  
23.7     | 28.64    | 29.27    | 1124.39  | 1933.04  | 300.0    | 100.0    | 100      | 200      | 0        | 0        | 68.97    | 44.98    | 1        | 1        | 2041.59  | 2342.59  | 301.0   
23.8     | 27.33    | 29.69    | 1124.39  | 1875.49  | 300.0    | 100.0    | 100      | 200      | 0        | 0        | 67.35    | 44.17    | 1        | 1        | 2051.59  | 2352.92  | 301.33  
23.9     | 28.68    | 28.87    | 1124.39  | 1906.59  | 300.0    | 100.0    | 100      | 200      | 0        | 0        | 67.06    | 44.91    | 1        | 1        | 2061.59  | 2363.26  | 301.67  
24.0     | 27.32    | 27.08    | 1124.39  | 1936.5   | 300.0    | 100.0    | 100      | 200      | 0        | 0        | 68.94    | 45.49    | 1        | 1        | 2071.59  | 2373.59  | 302.0   
24.1     | 28.25    | 27.2     | 1124.39  | 1953.21  | 300.0    | 100.0    | 100      | 200      | 0        | 0        | 67.76    | 44.52    | 1        | 1        | 2081.59  | 2383.92  | 302.33  
24.2     | 28.95    | 29.14    | 1124.39  | 1925.76  | 300.0    | 100.0    | 100      | 200      | 0        | 0        | 68.1     | 43.26    | 1        | 1        | 2091.59  | 2394.26  | 302.67  
24.3     | 29.85    | 28.39    | 1124.39  | 1918.49  | 300.0    | 100.0    | 100      | 200      | 0        | 0        | 66.65    | 42.07    | 1        | 1        | 2101.59  | 2404.59  | 303.0   
24.4     | 29.66    | 27.82    | 1124.39  | 1918.67  | 300.0    | 100.0    | 100      | 200      | 0        | 0        | 66.0     | 41.28    | 1        | 1        | 2111.59  | 2414.92  | 303.33  
24.5     | 28.38    | 28.52    | 1124.39  | 1939.2   | 300.0    | 100.0    | 100      | 200      | 0        | 0        | 67.41    | 41.16    | 1        | 1        | 2121.59  | 2425.26  | 303.67  
24.6     | 28.75    | 27.07    | 1124.39  | 1918.18  | 300.0    | 100.0    | 100      | 200      | 0        | 0        | 65.95    | 42.36    | 1        | 1        | 2131.59  | 2435.59  | 304.0   
24.7     | 26.39    | 27.38    | 1124.39  | 1871.54  | 300.0    | 100.0    | 100      | 200      | 0        | 0        | 66.57    | 42.64    | 1        | 1        | 2141.59  | 2445.92  | 304.33  
24.8     | 27.47    | 26.06    | 1124.39  | 1882.06  | 300.0    | 100.0    | 100      | 200      | 0        | 0        | 67.61    | 41.55    | 1        | 1        | 2151.59  | 2456.26  | 304.67  
24.9     | 28.48    | 28.08    | 1124.39  | 1887.38  | 300.0    | 100.0    | 100      | 200      | 0        | 0        | 65.7     | 40.77    | 1        | 1        | 2161.59  | 2466.59  | 305.0   
25.0     | 29.74    | 27.65    | 1124.39  | 1851.71  | 300.0    | 100.0    | 100      | 200      | 0        | 0        | 66.07    | 41.19    | 1        | 1        | 2171.59  | 2476.92  | 305.33  
25.1     | 28.29    | 29.31    | 1124.39  | 1885.45  | 300.0    | 100.0    | 100      | 200      | 0        | 0        | 65.14    | 41.38    | 1        | 1        | 2181.59  | 2487.26  | 305.67  
25.2     | 26.91    | 26.23    | 1124.39  | 1840.01  | 300.0    | 100.0    | 100      | 200      | 0        | 0        | 67.04    | 40.29    | 1        | 1        | 2191.59  | 2497.59  | 306.0   
25.3     | 29.22    | 29.04    | 1124.39  | 1787.64  | 300.0    | 100.0    | 100      | 200      | 0        | 0        | 66.49    | 41.29    | 1        | 1        | 2201.59  | 2507.92  | 306.33  
25.4     | 26.39    | 28.45    | 1124.39  | 1820.54  | 300.0    | 100.0    | 100      | 200      | 0        | 0        | 67.0     | 40.93    | 1        | 1        | 2211.59  | 2518.26  | 306.67  
25.5     | 26.56    | 28.95    | 1124.39  | 1813.46  | 300.0    | 100.0    | 100      | 200      | 0        | 0        | 67.64    | 41.99    | 1        | 1        | 2221.59  | 2528.59  | 307.0   
25.6     | 28.1     | 26.3     | 1124.39  | 1802.99  | 300.0    | 100.0    | 100      | 200      | 0        | 0        | 66.12    | 43.18    | 1        | 1        | 2231.59  | 2538.92  | 307.33  
25.7     | 27.46    | 26.63    | 1124.39  | 1795.87  | 300.0    | 100.0    | 100      | 200      | 0        | 0        | 65.84    | 44.01    | 1        | 1        | 2241.59  | 2549.26  | 307.67  
25.8     | 27.33    | 26.52    | 1124.39  | 1812.83  | 300.0    | 100.0    | 100      | 200      | 0        | 0        | 66.59    | 45.13    | 1        | 1        | 2251.59  | 2559.59  | 308.0   
25.9     | 28.9     | 26.04    | 1124.39  | 1790.43  | 300.0    | 100.0    | 100      | 200      | 0        | 0        | 66.34    | 44.22    | 1        | 1        | 2261.59  | 2569.92  | 308.33  
26.0     | 28.67    | 28.01    | 1124.39  | 1772.34  | 300.0    | 100.0    | 100      | 200      | 0        | 0        | 67.33    | 44.74    | 1        | 1        | 2271.59  | 2580.26  | 308.67  
26.1     | 26.33    | 27.52    | 1124.39  | 1749.66  | 300.0    | 100.0    | 100      | 200      | 0        | 0        | 66.73    | 45.03    | 1        | 1        | 2281.59  | 2590.59  | 309.0   
26.2     | 27.27    | 28.7     | 1124.39  | 1782.87  | 300.0    | 100.0    | 100      | 200      | 0        | 0        | 68.23    | 46.34    | 1        | 1        | 2291.59  | 2600.92  | 309.33  
26.3     | 27.5     | 29.19    | 1124.39  | 1815.2   | 300.0    | 100.0    | 100      | 200      | 0        | 0        | 66.96    | 46.66    | 1        | 1        | 2301.59  | 2611.26  | 309.67  
26.4     | 26.16    | 26.22    | 1124.39  | 1789.72  | 300.0    | 100.0    | 100      | 200      | 0        | 0        | 65.44    | 46.78    | 1        | 1        | 2311.59  | 2621.59  | 310.0   
26.5     | 29.2     | 29.11    | 1124.39  | 1806.2   | 300.0    | 100.0    | 100      | 200      | 0        | 0        | 64.43    | 45.39    | 1        | 1        | 2321.59  | 2631.92  | 310.33  
26.6     | 28.75    | 28.74    | 1124.39  | 1777.29  | 300.0    | 100.0    | 100      | 200      | 0        | 0        | 64.66    | 45.51    | 1        | 1        | 2331.59  | 2642.26  | 310.67  
26.7     | 27.58    | 29.32    | 1124.39  | 1811.34  | 300.0    | 100.0    | 100      | 200      | 0        | 0        | 66.53    | 46.61    | 1        | 1        | 2341.59  | 2652.59  | 311.0   
26.8     | 28.17    | 28.49    | 1124.39  | 1787.32  | 300.0    | 100.0    | 100      | 200      | 0        | 0        | 65.13    | 45.66    | 1        | 1        | 2351.59  | 2662.92  | 311.33  
26.9     | 28       | 28       | 1124     | 0        | 300      | 50.0     | 50.0     | 150.0    | 0        | 0        | 0        | 0        | 1        | 0        | 2351.59  | 2662.92  | 311.33  
27.0     | 28       | 28       | 1124     | 0        | 300      | 0.0      | 0.0      | 100.0    | 0        | 0        | 0        | 0        | 1        | 0        | 2351.59  | 2662.92  | 311.33  
27.1     | 28       | 28       | 1124     | 0        | 300      | 0        | 0        | 50.0     | 0        | 0        | 0        | 0        | 1        | 0        | 2351.59  | 2662.92  | 311.33  
27.2     | 28       | 28       | 1124     | 0        | 300      | 0        | 0        | 0.0      | 0        | 0        | 0        | 0        | 1        | 0        | 2351.59  | 2662.92  | 311.33  
